1	915	82547.59	10497.03	96304.13	90.22	1.28
10	3188	180621.25	21588.74	222825.22	56.66	11.06
100	147049	2413850.43	411805.89	3583308.08	16.42	2.77
101	168	7119.93	164.29	7761.79	42.38	8.61
102	316	8574.04	331.39	9677.26	27.13	4.86
105	1	11.40	3.08	18.48	11.40	1.41
106	618	16976.32	1218.39	20280.03	27.47	5.00
107	194564	2790817.71	519752.72	4260861.46	14.34	2.76
108	397	15495.04	116.85	16746.01	39.03	9.58
109	2	247.01	56.86	341.14	123.50	8.03
11	223	8350.65	159.30	9170.24	37.45	8.84
111	16	522.98	1.00	554.92	32.69	5.37
112	2509	64588.76	4733.86	78348.34	25.74	4.04
113	138213	2019533.27	386817.57	3073608.65	14.61	2.06
114	139277	2088229.68	386605.53	3152353.44	14.99	3.14
115	16	841.44	21.55	944.51	52.59	9.00
116	8022	172613.27	13108.52	209938.59	21.52	19.51
117	822	38001.80	132.00	40995.98	46.23	12.12
118	16	1186.28	25.17	1327.39	74.14	10.18
119	663	19834.76	265.15	21958.63	29.92	5.92
12	2941	72797.22	10240.76	96808.02	24.75	4.42
120	50	1750.93	148.86	2083.19	35.02	4.45
121	658	20054.70	410.51	22373.92	30.48	6.43
122	296	10064.81	11.94	10967.59	34.00	127.98
123	543	17104.28	98.81	18496.81	31.50	6.91
124	470	21062.94	1295.53	23944.47	44.81	8.40
125	46563	760781.90	140128.89	1130409.49	16.34	2.50
126	444	13164.08	130.27	14719.80	29.65	5.87
127	925	29114.79	1247.24	33126.87	31.48	6.49
128	81	2552.32	158.88	2959.52	31.51	6.72
129	2946	83290.92	6391.24	101416.12	28.27	4.35
13	53696	1222486.13	216435.44	1720735.06	22.77	5.36
130	2532	101789.78	6933.68	118954.76	40.20	8.06
131	564	17852.66	208.74	19546.50	31.65	7.12
132	416447	26293011.84	3868227.32	33877932.72	63.14	15.74
133	491	14633.50	576.87	16739.41	29.80	166.65
134	1051	48298.84	4651.99	56808.21	45.96	5.82
135	487	16009.63	319.95	17928.26	32.87	6.45
136	435	15052.23	149.62	16456.79	34.60	6.69
137	105562	1546137.37	253960.02	2315334.08	14.65	2.24
138	281285	12010803.37	2514759.08	18825331.85	42.70	9.63
139	527	23146.03	77.38	24809.63	43.92	10.09
14	1274	46353.99	1242.02	52914.94	36.38	106.60
140	196784	2989341.53	541351.89	4475505.68	15.19	2.90
141	226287	3006769.81	577047.73	4661437.22	13.29	2.43
142	312346	4358916.68	874449.29	6753716.87	13.96	2.28
143	108653	1522657.13	274607.22	2306549.01	14.01	2.41
144	91897	1504203.48	251838.95	2200292.79	16.37	2.43
145	9175	207272.09	22961.82	263167.61	22.59	2.72
146	4663	93908.56	8490.24	118039.01	20.14	2.96
147	370	11518.12	52.31	12645.03	31.13	6.14
148	103343	1808112.35	289038.79	2598652.88	17.50	4.66
149	403	13119.15	122.98	14305.73	32.55	6.99
15	159	6271.63	148.90	7108.99	39.44	8.24
150	238	9421.70	256.60	10377.16	39.59	8.19
151	75855	1127280.58	193065.20	1611933.01	14.86	8.32
152	6594	121149.36	10114.20	151567.07	18.37	17.60
153	155	4704.52	159.18	5241.36	30.35	5.94
154	160	4573.79	772.78	6094.53	28.59	6.11
155	775	26494.49	711.31	29317.71	34.19	7.06
156	4	123.43	0.00	137.37	30.86	6.77
157	1259	45925.37	5254.52	57326.53	36.48	5.06
158	85671	1422517.05	256271.37	2101031.11	16.60	2.53
159	1104	29628.60	284.95	32932.55	26.84	4.82
16	218	8605.21	287.99	9508.79	39.47	8.19
160	381	12864.28	768.74	14889.92	33.76	5.42
161	447805	7145402.61	1407417.08	10928339.37	15.96	2.54
162	332221	5152807.06	1026296.75	7906944.55	15.51	2.57
163	272541	4308286.33	839786.90	6567544.09	15.81	2.63
164	212652	3385549.46	624660.68	5127435.56	15.92	2.60
165	877	25611.06	312.49	28000.21	29.20	5.83
166	45978	789778.72	123832.96	1082012.36	17.18	5.88
167	890	25985.74	228.52	28689.94	29.20	87.54
168	2467	64292.56	1030.74	72745.04	26.06	13.42
169	754	22297.71	202.13	24503.98	29.57	6.21
17	2138	59207.60	1730.26	65906.98	27.69	17.43
170	268928	4179527.06	791141.36	6344635.91	15.54	2.24
171	270	8893.74	95.83	9831.53	32.94	6.84
172	14	844.43	71.60	1051.57	60.32	10.00
173	293	7868.59	343.23	9165.78	26.86	5.09
174	482	18081.25	236.45	20015.98	37.51	123.02
175	214	7438.54	157.88	8154.50	34.76	7.76
176	5	208.57	10.00	264.27	41.71	13.50
177	1367	40735.61	436.15	44332.23	29.80	29.47
178	174	5279.48	54.54	5834.53	30.34	475.62
179	1972	45586.88	2753.94	54460.00	23.12	3.69
18	547	19593.64	162.22	21490.41	35.82	7.79
180	316	10740.07	441.13	12141.31	33.99	5.78
181	3782	100780.18	8480.29	120039.46	26.65	4.78
182	936	32392.46	68.45	35691.03	34.61	7.43
183	195	7065.23	39.21	7835.34	36.23	8.04
184	21	1035.40	59.44	1196.86	49.30	14.69
185	413	12839.98	106.65	14080.24	31.09	5.83
186	315497	5245898.19	991928.48	7776049.52	16.63	2.27
187	8	393.05	36.17	451.16	49.13	2.67
188	2602	74857.80	981.48	81632.20	28.77	5.36
189	1268	33253.51	2585.74	39172.02	26.23	4.60
19	338	13990.57	443.47	15697.86	41.39	165.77
190	185	5083.95	354.86	5907.83	27.48	4.31
191	937	36594.06	503.99	40226.49	39.05	9.43
192	211	6220.76	188.08	6949.97	29.48	5.91
193	4910	66827.04	2732.94	81201.81	13.61	9.32
194	334	16777.40	2689.25	22658.23	50.23	6.11
195	1178	54328.60	4192.39	64576.86	46.12	67.63
196	821	28989.52	1909.66	34108.80	35.31	5.61
197	1588	60271.27	3853.05	68924.99	37.95	8.63
198	775	21381.33	847.79	24583.71	27.59	4.74
199	5	124.20	31.25	197.33	24.84	6.51
2	13	551.15	108.79	742.05	42.40	10.77
20	394	13001.31	138.05	14443.84	33.00	6.53
200	326	12157.12	212.97	13598.43	37.29	8.33
201	249	10622.17	50.55	11494.26	42.66	10.37
202	545	16155.79	1323.32	19191.23	29.64	156.07
203	553	25041.40	665.52	27483.12	45.28	9.88
204	1	62.33	0.00	77.71	62.33	29.58
205	1133	43094.55	118.87	46416.37	38.04	8.79
206	12	603.44	20.76	721.10	50.29	9.17
207	638	7295.51	922.04	9723.49	11.43	1.24
208	448	15294.77	226.10	17010.56	34.14	7.29
209	16472	361724.44	55287.22	498111.66	21.96	8.34
21	421	15322.96	312.88	16814.87	36.40	7.51
210	730	28218.64	113.66	30364.50	38.66	8.85
211	72259	1178274.37	206210.78	1735009.33	16.31	3.60
212	491	15220.57	40.07	16884.72	31.00	6.48
213	1145	36331.44	197.29	40412.70	31.73	15.35
214	16	632.85	40.73	870.20	39.55	11.40
215	1936	94232.44	8691.68	113230.99	48.67	9.93
216	2300	115776.51	12401.50	136830.73	50.34	21.17
217	534	14194.20	632.97	16272.79	26.58	4.65
218	1134	42918.91	377.91	46479.14	37.85	8.11
219	1375	81860.39	8189.85	97926.52	59.53	12.00
22	558	19232.95	292.46	21186.12	34.47	7.61
220	493	18273.87	376.50	20344.27	37.07	7.22
221	14	446.37	13.54	549.37	31.88	6.77
222	983	35611.57	99.34	38277.92	36.23	7.86
223	2159	74805.57	8787.98	94724.32	34.65	25.65
224	13729	225365.33	29719.26	317708.92	16.42	2.39
225	2183	61112.91	1423.94	67561.89	27.99	20.09
226	7856	221952.89	22877.02	271683.29	28.25	4.08
227	336	11895.02	288.34	13113.38	35.40	7.28
228	909	30843.48	1544.60	35475.76	33.93	7.01
229	173410	2448179.73	468792.94	3755305.48	14.12	2.60
23	18	829.19	99.55	1107.16	46.07	9.60
230	325687	6031936.61	1099161.91	8959491.26	18.52	3.08
231	125048	2290560.22	397577.53	3305200.76	18.32	3.31
232	13783	287460.17	31448.83	380344.42	20.86	7.03
233	112267	1859759.17	330434.43	2783116.25	16.57	3.60
234	254921	3672705.70	717480.57	5659091.63	14.41	2.01
235	905	29362.57	309.83	32158.32	32.44	6.75
236	412395	5481964.93	1096885.45	8534390.96	13.29	2.44
237	434219	5542220.12	1139679.83	8768855.88	12.76	1.85
238	190982	2701857.09	512672.71	4085782.48	14.15	5.27
239	278480	3903357.32	776029.18	6012378.35	14.02	3.32
24	24510	391414.39	64575.02	548038.38	15.97	2.55
240	56	2418.01	0.00	2668.47	43.18	7.49
241	598	21358.71	111.60	23472.73	35.72	7.64
242	678	21168.18	122.63	23504.92	31.22	6.85
243	2139	60854.21	4045.54	71596.96	28.45	12.62
244	7222	181472.17	13341.63	217636.45	25.13	8.63
245	9	367.02	35.20	477.80	40.78	6.28
246	159965	2599528.68	474339.44	3874685.75	16.25	2.33
247	1193	31854.15	675.96	36054.61	26.70	5.07
248	517	15351.66	79.69	17104.69	29.69	73.52
249	226019	3366016.35	638464.24	5099861.74	14.89	2.47
25	4189	107083.58	8860.28	127956.61	25.56	4.56
250	444	13420.89	96.13	15005.70	30.23	6.23
251	9	298.82	24.60	381.56	33.20	5.36
252	243	8739.81	388.57	10124.30	35.97	7.07
253	34	1830.87	43.64	2076.03	53.85	8.52
254	819	30138.44	58.94	32787.91	36.80	7.83
255	4595	110946.19	8386.05	135351.72	24.14	4.04
256	3703	95107.45	7706.86	114981.17	25.68	22.14
257	308	9475.94	575.86	11079.07	30.77	5.57
258	617	19810.32	267.46	21887.73	32.11	6.31
259	441	17237.61	96.09	18802.60	39.09	8.71
26	739	22212.21	303.11	24345.68	30.06	5.77
260	2498	68397.52	6032.20	83674.71	27.38	3.73
261	44675	1045979.36	167274.45	1442852.97	23.41	4.21
262	132413	1950026.93	348457.70	2925159.49	14.73	6.29
263	185747	2514910.08	466872.26	3871089.20	13.54	5.52
264	31304	651475.38	112122.22	917326.30	20.81	3.19
265	4918	432056.94	40650.77	489575.70	87.85	6.03
27	15	703.60	13.40	768.30	46.91	6.05
28	1214	50720.90	4005.98	60210.88	41.78	7.79
29	619	25821.59	115.83	27768.93	41.72	9.79
3	349	12780.49	166.23	14042.60	36.62	7.62
30	17	484.65	0.00	588.23	28.51	5.88
31	50	2075.47	122.26	2398.33	41.51	6.39
32	448	15479.52	79.16	17052.99	34.55	7.75
33	5093	134327.05	14329.42	165115.05	26.37	18.93
34	273	7294.14	442.83	8595.87	26.72	4.76
35	2035	60318.00	193.18	65008.53	29.64	14.99
36	1083	29961.35	1343.34	34665.05	27.67	4.69
37	2136	60911.09	2205.50	68945.30	28.52	16.46
38	478	20661.80	182.60	22491.91	43.23	9.82
39	2368	80895.09	331.60	86830.21	34.16	35.66
4	15558	269589.62	31250.26	371181.93	17.33	8.95
40	1365	33681.33	3598.18	42972.76	24.67	64.33
41	24501	409375.68	39769.72	526273.25	16.71	7.49
42	11782	249049.83	10757.29	292306.72	21.14	17.21
43	146338	2167434.67	422477.57	3279542.14	14.81	2.27
44	4	499.62	193.75	742.13	124.91	19.73
45	13666	284624.60	37726.45	387001.29	20.83	3.38
46	41	1625.65	20.00	1818.50	39.65	10.72
47	608	18712.96	234.18	20868.52	30.78	6.20
48	242806	3788275.42	683155.14	5691780.75	15.60	3.59
49	2111	59337.28	3003.27	67773.19	28.11	33.80
5	1	100.00	0.00	101.00	100.00	0.00
50	54731	883025.00	136792.85	1283386.70	16.13	2.50
51	1366	54506.35	148.76	59706.73	39.90	9.26
52	1909	44954.47	5648.91	56583.21	23.55	15.61
53	183	6246.33	357.64	7428.07	34.13	6.93
54	264	8297.79	641.38	10011.04	31.43	5.70
55	969	40395.75	243.62	43231.77	41.69	10.56
56	877	32441.34	2265.25	38637.12	36.99	6.26
57	33	1067.71	46.85	1239.14	32.35	5.42
58	22	743.02	48.43	876.84	33.77	8.31
59	17	734.43	13.60	845.49	43.20	9.20
6	67	1501.31	159.73	2556.06	22.41	5.54
60	396	11948.42	24.03	13259.87	30.17	6.79
61	4149	117036.00	2645.03	128469.82	28.21	18.56
62	1388	38695.47	592.58	42128.41	27.88	55.47
63	586	18466.36	230.26	20489.93	31.51	6.74
64	155	6507.72	196.24	7408.15	41.99	7.60
65	5630	149349.91	14664.59	183158.32	26.53	10.23
66	2932	76676.18	7068.15	94127.49	26.15	17.62
67	284	9655.12	193.76	10766.10	34.00	7.26
68	249738	4243483.77	787309.18	6287843.52	16.99	2.46
69	1279	37009.38	370.37	40982.81	28.94	5.47
7	5595	121798.47	7734.30	146018.83	21.77	4.73
70	37575	1562687.36	316484.72	2411882.14	41.59	9.39
71	1429	39089.29	164.14	42245.06	27.35	5.77
72	1813	52690.00	155.09	56597.09	29.06	34.07
73	116	3849.73	97.59	4256.81	33.19	7.86
74	22569	387585.49	29107.93	489416.58	17.17	5.59
75	60032	951291.59	118184.00	1294631.30	15.85	2.59
76	3260	103352.79	503.02	111548.64	31.70	36.84
77	764	24144.82	70.65	26052.86	31.60	6.67
78	750	22631.34	159.82	25003.44	30.18	6.45
79	231498	3478323.22	611160.55	5205110.30	15.03	2.80
8	22	1171.61	151.90	1491.54	53.25	7.78
80	2679	74655.84	5108.51	88992.01	27.87	4.78
81	430	16726.10	0.00	18279.74	38.90	8.65
82	1780	57554.86	4626.59	69510.14	32.33	4.75
83	620	20479.85	1526.53	24662.63	33.03	4.77
84	3	123.50	0.00	141.38	41.17	6.70
85	868	25422.57	300.25	27751.95	29.29	5.29
86	865	42124.59	176.23	44936.39	48.70	13.12
87	44509	1026627.84	159750.98	1412678.21	23.07	4.23
88	24761	602529.01	88185.89	817692.27	24.33	5.54
89	2414	72961.50	1905.58	80922.54	30.22	5.61
9	169	5134.27	280.52	5774.07	30.38	6.03
90	153045	2242115.90	428153.33	3429437.45	14.65	2.43
91	1653	47533.03	291.54	51457.41	28.76	5.79
92	782	25838.62	784.20	29451.96	33.04	69.57
93	1459	85848.97	11884.44	108382.29	58.84	8.50
94	300	9760.66	25.12	10691.86	32.54	210.22
95	1888	54526.16	2162.33	62492.59	28.88	5.45
96	34	1160.30	169.06	1416.95	34.13	4.65
97	4296	104326.24	8293.96	124841.28	24.28	4.22
98	229	8203.66	321.20	9160.45	35.82	7.15
99	1	10.70	0.00	12.20	10.70	2.25
